6.303800000000000514e-01
6.272600000000000398e-01
6.298799999999999955e-01
6.164800000000000280e-01
6.151200000000000001e-01
6.012999999999999456e-01
6.050400000000000222e-01
5.920199999999999907e-01
5.807400000000000340e-01
5.774000000000000243e-01
5.666600000000000525e-01
5.523799999999999821e-01
5.300000000000000266e-01
5.193400000000000238e-01
5.000599999999999490e-01
4.581399999999999917e-01
4.417599999999999860e-01
4.013599999999999945e-01
3.779600000000000182e-01
3.178400000000000114e-01                     

