7.899000000000000465e-01
7.675800000000000400e-01
7.550400000000000444e-01
7.415000000000000480e-01
7.332999999999999519e-01
7.216399999999999482e-01
7.126400000000000512e-01
6.985999999999999988e-01
6.788199999999999790e-01
6.644999999999999796e-01
6.324400000000000022e-01
6.295600000000000085e-01
5.909999999999999698e-01
5.675200000000000244e-01
5.358399999999999830e-01
5.228399999999999714e-01
4.929600000000000093e-01
3.990400000000000058e-01
3.405599999999999739e-01
2.587400000000000255e-01
1.904800000000000104e-01
6.623999999999999333e-02
