7.292600000000000193e-01
5.664599999999999635e-01
5.545200000000000129e-01
5.212999999999999856e-01
5.102999999999999758e-01
4.562999999999999834e-01
3.883599999999999830e-01
4.038800000000000168e-01
3.821399999999999797e-01
3.306200000000000250e-01
2.633400000000000185e-01
2.415599999999999969e-01
2.300399999999999945e-01
1.601200000000000123e-01
1.161800000000000055e-01
1.071200000000000069e-01
9.009999999999999953e-02
9.553999999999999992e-02
5.086000000000000243e-02
3.339999999999999913e-02

