7.900399999999999645e-01
7.646199999999999664e-01
7.556199999999999584e-01
7.461200000000000054e-01
7.231600000000000250e-01
7.176799999999999846e-01
7.105599999999999694e-01
6.816200000000000037e-01
6.790000000000000480e-01
6.568199999999999594e-01
6.415800000000000392e-01
6.267800000000000038e-01
5.962399999999999922e-01
5.727999999999999758e-01
5.285600000000000298e-01
4.960399999999999809e-01
4.661799999999999833e-01
4.198399999999999910e-01
3.579999999999999849e-01
2.664599999999999747e-01
1.639200000000000101e-01
1.367800000000000127e-01