7.769399999999999640e-01
7.684199999999999919e-01
7.604800000000000448e-01
7.542400000000000215e-01
7.482600000000000362e-01
7.446000000000000396e-01
7.344000000000000528e-01
7.329599999999999449e-01
7.235399999999999610e-01
7.167200000000000237e-01
7.077400000000000357e-01
6.958600000000000341e-01
6.823000000000000176e-01
6.667999999999999483e-01
6.631000000000000227e-01
6.417000000000000481e-01
6.250799999999999690e-01
6.027599999999999625e-01
5.644599999999999618e-01
5.306999999999999496e-01
4.783800000000000274e-01
3.672000000000000264e-01
