7.807800000000000296e-01
7.631599999999999495e-01
7.593600000000000350e-01
7.441999999999999726e-01
7.306200000000000472e-01
7.220400000000000151e-01
7.118400000000000283e-01
6.881399999999999739e-01
6.857799999999999452e-01
6.636800000000000477e-01
6.519800000000000040e-01
6.298599999999999755e-01
6.009600000000000497e-01
5.611599999999999921e-01
5.315199999999999925e-01
4.964199999999999724e-01
4.724400000000000266e-01
4.296200000000000019e-01
3.669799999999999729e-01
2.970599999999999907e-01
2.237200000000000022e-01
1.562999999999999945e-01