7.841399999999999482e-01
7.671200000000000241e-01
7.546800000000000175e-01
7.411600000000000410e-01
7.338599999999999568e-01
7.191199999999999815e-01
7.082199999999999607e-01
7.023200000000000554e-01
6.809399999999999897e-01
6.649399999999999755e-01
6.512999999999999901e-01
6.316199999999999593e-01
6.030799999999999494e-01
5.713799999999999990e-01
5.452200000000000379e-01
5.281000000000000139e-01
4.904999999999999916e-01
4.396399999999999753e-01
3.588000000000000078e-01
2.822799999999999754e-01
2.189000000000000112e-01
1.053199999999999970e-01
