7.272600000000000176e-01
7.125200000000000422e-01
7.145000000000000240e-01
7.065000000000000169e-01
7.002599999999999936e-01
6.851399999999999713e-01
6.832399999999999585e-01
6.745200000000000085e-01
6.665200000000000014e-01
6.580000000000000293e-01
6.535800000000000498e-01
6.459799999999999986e-01
6.233600000000000252e-01
6.164800000000000280e-01
5.987400000000000500e-01
5.761600000000000055e-01
5.501599999999999824e-01
5.320599999999999774e-01
5.070999999999999952e-01
4.620600000000000263e-01
