7.903400000000000425e-01
7.198799999999999644e-01
7.137999999999999901e-01
7.000399999999999956e-01
6.986200000000000188e-01
6.902399999999999647e-01
6.775400000000000311e-01
6.760800000000000143e-01
6.618399999999999839e-01
6.620800000000000018e-01
6.417000000000000481e-01
6.310400000000000453e-01
6.274399999999999977e-01
6.189999999999999947e-01
5.798799999999999510e-01
5.669999999999999485e-01
5.531000000000000361e-01
5.278599999999999959e-01
4.863199999999999745e-01
4.416399999999999770e-01
