7.907199999999999784e-01
7.716199999999999726e-01
7.581200000000000161e-01
7.522799999999999487e-01
7.486800000000000122e-01
7.406800000000000050e-01
7.360400000000000276e-01
7.313199999999999701e-01
7.255200000000000538e-01
7.093000000000000416e-01
7.013000000000000345e-01
6.820399999999999796e-01
6.813200000000000367e-01
6.610000000000000320e-01
6.564400000000000235e-01
6.266399999999999748e-01
6.025599999999999845e-01
5.750800000000000356e-01
5.564400000000000457e-01
5.139399999999999524e-01
4.100800000000000001e-01
2.209599999999999898e-01
